4294967279,0
4294967294,66
4294967294,65
4294967294,64
4294967294,1089
4294967294,1088
4294967294,639
4294967294,638
4294967294,637
4294967294,636
4294967294,635
4294967294,634
4294967294,633
4294967294,632
4294967294,631
4294967294,630
4294967294,629
4294967294,628
4294967294,627
4294967294,626
4294967294,625
4294967294,624
4294967294,623
4294967294,622
4294967294,621
4294967294,620
4294967294,619
4294967294,618
4294967294,617
4294967294,616
4294967294,615
4294967294,614
4294967294,613
4294967294,612
4294967294,611
4294967294,610
4294967294,603
4294967294,602
4294967294,589
4294967294,588
4294967294,587
4294967294,590
4294967294,586
4294967294,585
4294967294,584
4294967294,582
4294967294,580
4294967294,578
4294967294,577
4294967294,81
4294967279,548
4294967279,547
4294967279,546
4294967279,545
4294967279,544
4294967279,543
4294967279,542
4294967279,541
4294967279,540
4294967279,539
4294967279,538
4294967279,537
4294967279,536
6,1
6,4
4294967294,57
4294967294,56
4294967294,55
4294967294,63
4294967294,62
4294967294,61
4294967294,60
4294967294,11
4294967294,10
4294967294,1037
4294967294,50
4294967294,35
4294967294,34
4294967294,33
4294967294,32
4294967294,31
4294967294,30
4294967294,23
4294967294,22
4294967294,21
4294967294,9
4294967294,7
4294967294,6
4294967294,3
4294967279,511
4294967279,510
4294967279,509
4294967279,508
4294967279,507
4294967279,506
4294967279,505
4294967279,504
4294967279,503
4294967279,502
4294967279,501
4294967279,500
4294967279,499
4294967279,498
4294967279,497
4294967279,496
4294967279,495
4294967279,494
4294967279,493
4294967279,492
4294967279,491
4294967279,490
4294967279,489
4294967279,488
4294967279,487
4294967279,486
4294967279,485
4294967279,484
4294967279,483
4294967279,482
4294967279,481
4294967279,480
4294967279,479
4294967279,478
4294967279,477
4294967279,476
4294967279,475
4294967279,474
4294967279,473
4294967279,472
4294967279,405
4294967279,404
4294967279,403
4294967279,402
4294967279,401
4294967279,400
4294967279,399
4294967279,398
4294967279,397
4294967279,396
4294967279,395
4294967279,394
5,1
5,4
4294967279,393
4294967279,392
4294967279,391
4294967279,390
4294967279,389
4294967279,388
13,1
13,4
4294967294,975
4294967279,387
4294967294,1003
4294967294,1008
4294967294,963
4294967294,966
4294967294,964
4294967294,961
4294967294,1023
4294967294,991
4294967294,960
4294967294,455
4294967294,452
4294967294,456
4294967294,474
4294967294,472
4294967294,473
4294967294,989
4294967294,393
20,0
20,4
20,3
20,2
20,1
4294967294,1422
4294967294,1423
4294967294,1412
4294967294,431
4294967294,428
4294967294,429
4294967294,444
4294967294,424
4294967278,332
4294967278,331
4294967278,330
4294967278,329
4294967278,328
19,0
19,4
19,3
19,2
19,1
4294967278,327
4294967278,326
4294967278,325
4294967278,324
4294967278,323
4294967278,322
4294967278,321
4294967278,320
4294967279,260
4294967294,1368
4294967294,1376
4294967294,895
4294967294,1407
4294967294,1406
4294967294,1405
18,5
18,4
18,0
18,6
18,3
18,2
18,1
4294967278,319
4294967278,318
4294967278,317
4294967278,316
2,1
2,4
4294967294,1343
4294967294,1342
4294967294,1341
4294967294,1340
4294967294,1339
4294967294,1338
4294967294,1337
4294967294,1336
4294967294,1335
4294967294,1334
4294967294,1333
4294967294,1332
4294967294,1331
4294967294,1330
4294967294,1329
4294967294,1328
4294967294,1327
4294967294,1326
4294967294,1325
4294967294,1324
4294967294,1323
4294967294,1322
4294967294,1321
4294967294,1320
4294967294,1319
4294967294,1318
4294967294,1317
4294967294,1316
4294967294,1315
4294967294,1314
17,2
17,3
17,0
17,1
17,4
4294967294,1232
4294967294,1279
4294967294,1278
4294967294,1277
4294967294,1276
4294967294,1275
4294967294,1274
4294967294,1273
4294967294,1272
4294967294,1271
4294967294,1270
4294967294,1269
4294967294,1268
4294967294,1267
4294967294,1266
4294967294,1265
4294967294,1264
4294967294,1263
4294967294,1262
4294967294,1261
4294967294,1260
4294967294,1259
4294967294,1258
4294967294,1257
4294967294,1256
4294967294,1255
4294967294,1254
4294967294,1253
4294967294,1252
4294967294,1251
4294967294,1250
4294967294,1249
4294967294,1248
4294967294,1247
4294967294,1246
4294967294,1245
4294967294,1244
4294967294,1243
4294967294,1242
16,7
16,6
16,5
16,1
16,4
4294967294,186
4294967294,1215
4294967294,1214
4294967294,1213
4294967294,1212
4294967294,1211
4294967294,1210
4294967294,1209
4294967294,1208
4294967294,1207
4294967294,1206
4294967294,1205
4294967294,1204
4294967294,1203
4294967294,1202
4294967294,1201
4294967294,1200
4294967294,1199
4294967294,1198
4294967294,1197
4294967294,1196
4294967294,1195
4294967294,1194
4294967294,1193
4294967294,1192
4294967294,1191
4294967294,1190
4294967294,1189
4294967294,1188
4294967294,1187
4294967294,1186
4294967294,1185
4294967294,1184
4294967294,1183
4294967294,1182
4294967294,1181
4294967294,1180
4294967294,1179
4294967294,1178
4294967294,1177
4294967294,1176
4294967294,1175
4294967294,1174
4294967294,1173
4294967294,1172
4294967294,1171
4294967294,1170
4294967294,1169
4294967294,1168
4294967294,1167
4294967294,1166
